"Interval start","All packets"
0,1085
0.01,1017
0.02,358
0.03,129
0.04,69
0.05,51
0.06,804
0.07,259
0.08,612
0.09,16
0.1,503
0.11,377
0.12,959
0.13,315
0.14,170
0.15,93
0.16,15
0.17,378
0.18,813
0.19,88
0.2,211
0.21,229
0.22,101
0.23,762
0.24,960
0.25,112
0.26,18
0.27,562
0.28,430
0.29,1028
0.3,363
0.31,27
0.32,344
0.33,1030
0.34,551
0.35,34
0.36,862
0.37,1012
0.38,955
0.39,613
0.4,25
0.41,193
0.42,228
0.43,279
0.44,853
0.45,393
0.46,256
0.47,354
0.48,666
0.49,48
0.5,23
0.51,217
0.52,17
0.53,127
0.54,20
0.55,26
0.56,738
0.57,397
0.58,17
0.59,20
0.6,155
0.61,594
0.62,67
0.63,12
0.64,680
0.65,963
0.66,695
0.67,344
0.68,126
0.69,967
0.7,17
0.71,212
0.72,32
0.73,8
0.74,22
0.75,178
0.76,475
0.77,8
0.78,507
0.79,1010
0.8,464
0.81,29
0.82,216
0.83,41
0.84,16
0.85,71
0.86,353
0.87,1042
0.88,252
0.89,0
0.9,0
0.91,0
0.92,0
0.93,0
0.94,0
0.95,0
0.96,0
0.97,0
0.98,0
0.99,0
1,0
1.01,0
1.02,0
1.03,0
1.04,0
1.05,0
1.06,0
1.07,0
1.08,0
1.09,0
1.1,0
1.11,0
1.12,0
1.13,0
1.14,0
1.15,0
1.16,0
1.17,0
1.18,0
1.19,0
1.2,0
1.21,0
1.22,0
1.23,0
1.24,0
1.25,0
1.26,0
1.27,0
1.28,0
1.29,0
1.3,0
1.31,0
1.32,0
1.33,0
1.34,0
1.35,0
1.36,0
1.37,0
1.38,0
1.39,0
1.4,0
1.41,0
1.42,0
1.43,0
1.44,0
1.45,0
1.46,0
1.47,0
1.48,0
1.49,0
1.5,0
1.51,0
1.52,0
1.53,0
1.54,0
1.55,0
1.56,0
1.57,0
1.58,0
1.59,0
1.6,0
1.61,0
1.62,0
1.63,0
1.64,0
1.65,0
1.66,0
1.67,0
1.68,0
1.69,0
1.7,0
1.71,0
1.72,0
1.73,0
1.74,0
1.75,0
1.76,0
1.77,0
1.78,0
1.79,0
1.8,0
1.81,0
1.82,0
1.83,0
1.84,0
1.85,0
1.86,0
1.87,0
1.88,0
1.89,0
1.9,0
1.91,0
1.92,0
1.93,0
1.94,0
1.95,0
1.96,0
1.97,0
1.98,0
1.99,0
2,0
2.01,0
2.02,0
2.03,0
2.04,0
2.05,0
2.06,0
2.07,0
2.08,0
2.09,0
2.1,0
2.11,0
2.12,0
2.13,0
2.14,0
2.15,0
2.16,0
2.17,0
2.18,0
2.19,0
2.2,0
2.21,0
2.22,0
2.23,0
2.24,0
2.25,0
2.26,0
2.27,0
2.28,0
2.29,0
2.3,0
2.31,0
2.32,0
2.33,0
2.34,0
2.35,0
2.36,0
2.37,0
2.38,0
2.39,0
2.4,0
2.41,0
2.42,0
2.43,0
2.44,0
2.45,0
2.46,0
2.47,0
2.48,0
2.49,0
2.5,0
2.51,0
2.52,0
2.53,0
2.54,0
2.55,0
2.56,0
2.57,0
2.58,0
2.59,0
2.6,0
2.61,0
2.62,0
2.63,0
2.64,0
2.65,0
2.66,0
2.67,0
2.68,0
2.69,0
2.7,0
2.71,0
2.72,0
2.73,0
2.74,0
2.75,0
2.76,0
2.77,0
2.78,0
2.79,0
2.8,0
2.81,0
2.82,0
2.83,0
2.84,0
2.85,0
2.86,0
2.87,0
2.88,0
2.89,0
2.9,0
2.91,0
2.92,0
2.93,0
2.94,0
2.95,0
2.96,0
2.97,0
2.98,0
2.99,0
3,0
3.01,0
3.02,0
3.03,59
3.04,172
3.05,732
3.06,204
3.07,270
3.08,124
3.09,155
3.1,144
3.11,165
3.12,489
3.13,95
3.14,104
3.15,617
3.16,19
3.17,44
3.18,37
3.19,655
3.2,1016
3.21,649
3.22,202
3.23,583
3.24,163
3.25,558
3.26,218
3.27,778
3.28,81
3.29,314
3.3,199
3.31,352
3.32,276
3.33,79
3.34,10
3.35,101
3.36,883
3.37,1058
3.38,655
3.39,97
3.4,75
3.41,152
3.42,462
3.43,52
3.44,55
3.45,26
3.46,15
3.47,57
3.48,733
3.49,1036
3.5,776
3.51,66
3.52,100
3.53,67
3.54,221
3.55,672
3.56,274
3.57,180
3.58,23
3.59,33
3.6,461
3.61,303
3.62,41
3.63,124
3.64,782
3.65,93
3.66,91
3.67,145
3.68,586
3.69,957
3.7,267
3.71,21
3.72,26
3.73,140
3.74,521
3.75,446
3.76,192
3.77,546
3.78,156
3.79,127
3.8,321
3.81,51
3.82,99
3.83,188
3.84,295
3.85,101
3.86,83
3.87,43
3.88,178
3.89,110
3.9,38
3.91,258
3.92,150
3.93,633
3.94,287
3.95,35
3.96,30
3.97,278
3.98,931
3.99,614
4,114
4.01,35
4.02,33
4.03,171
4.04,708
4.05,654
4.06,400
4.07,24
4.08,39
4.09,258
4.1,16
4.11,154
4.12,27
4.13,571
4.14,603
4.15,151
4.16,48
4.17,434
4.18,424
4.19,443
4.2,512
4.21,611
4.22,481
4.23,920
4.24,152
4.25,628
4.26,240
4.27,204
4.28,132
4.29,306
4.3,158
4.31,111
4.32,619
4.33,183
4.34,445
4.35,299
4.36,186
4.37,198
4.38,606
4.39,303
4.4,204
4.41,291
4.42,288
4.43,798
4.44,262
4.45,338
4.46,485
4.47,119
4.48,142
4.49,460
4.5,121
4.51,566
4.52,422
4.53,263
4.54,253
4.55,409
4.56,270
4.57,362
4.58,384
4.59,353
4.6,732
4.61,558
4.62,255
4.63,568
4.64,293
4.65,243
4.66,250
4.67,370
4.68,343
4.69,692
4.7,398
4.71,693
4.72,490
4.73,227
4.74,166
4.75,359
4.76,25
4.77,168
4.78,558
4.79,691
4.8,272
4.81,268
4.82,487
4.83,423
4.84,325
4.85,217
4.86,385
4.87,484
4.88,160
4.89,115
4.9,376
4.91,227
4.92,124
4.93,474
4.94,88
4.95,342
4.96,103
4.97,566
4.98,769
4.99,59
5,409
5.01,35
5.02,354
5.03,308
5.04,480
5.05,152
5.06,79
5.07,337
5.08,204
5.09,399
5.1,821
5.11,32
5.12,139
5.13,614
5.14,53
5.15,137
5.16,907
5.17,787
5.18,134
5.19,595
5.2,30
5.21,213
5.22,291
5.23,60
5.24,77
5.25,732
5.26,299
5.27,98
5.28,938
5.29,463
5.3,166
5.31,404
5.32,421
5.33,411
5.34,340
5.35,282
5.36,185
5.37,671
5.38,569
5.39,340
5.4,394
5.41,352
5.42,208
5.43,428
5.44,443
5.45,254
5.46,36
5.47,388
5.48,254
5.49,241
5.5,29
5.51,501
5.52,450
5.53,502
5.54,198
5.55,282
5.56,310
5.57,247
5.58,503
5.59,726
5.6,284
5.61,274
5.62,386
5.63,41
5.64,271
5.65,260
5.66,156
5.67,137
5.68,619
5.69,38
5.7,503
5.71,432
5.72,384
5.73,446
5.74,373
5.75,472
5.76,368
5.77,559
5.78,259
5.79,237
5.8,242
5.81,25
5.82,237
5.83,173
5.84,502
5.85,102
5.86,112
5.87,976
5.88,341
5.89,764
5.9,400
5.91,186
5.92,167
5.93,380
5.94,91
5.95,989
5.96,420
5.97,455
5.98,66
5.99,72
6,143
6.01,241
6.02,249
6.03,184
6.04,26
6.05,159
6.06,84
6.07,460
6.08,297
6.09,761
6.1,116
6.11,26
6.12,566
6.13,434
6.14,62
6.15,16
6.16,355
6.17,266
6.18,17
6.19,84
6.2,394
6.21,628
6.22,74
6.23,596
6.24,34
6.25,237
6.26,348
